a = -1.000000
b = 1.000000
c = 2.000000
d = -4.000000
e = -1.000000
f = 1.000000
g = 2.100000
h = -4.100000
i = -13.000000
