a = 3.000000
b = 3.000000
c = 6.000000
d = 6.000000
e = 3.200000
f = 3.200000
g = 6.300000
h = 6.300000
i = 15.000000
