a = 454.000000
b = 36.000000
c = 36.000000
d = 5.000000
e = 2.000000
f = 15.000000
g = -4.000000
