a = 0.500000
b = 2.000000
c = 1.500000
d = 0.166667
e = 0.523810
f = 1.909091
g = 1.623810
h = 0.168971
i = 0.008333
