a = 5.000000
b = 4.000000
c = 19.100000
