a = 17.000000
b = 30.000000
c = 16.666667
d = 13.000000
e = 0.000000
f = 13.333333
g = 78.000000
h = 72.000000
i = 25.000000
j = 6.000000
k = 0.000000
l = 9.000000
