a = 2.000000
b = 2.000000
c = 6.000000
d = 6.000000
e = 2.310000
f = 2.310000
g = 7.161000
h = 7.161000
i = 120.000000
