a = 1.000000
b = 10.000000
c = 10.012000
d = 1.000000
e = 10.000000
f = 10.012000
